Mean: -1.0373923942097462e-15
StDev: 0.5299826618651202
Skewness: -0.16888532259473119
Min: -4.792985453229974
Max: 4.091710441770033
25Q: -0.03901132231274218
50Q: -0.00012262105194937867
75Q: 0.039937338630516184