Mean: 1.6553425297161085e-16
StDev: 0.0021603921766830112
Skewness: -0.057207846829765326
Min: -0.011578876866634058
Max: 0.010972839253239552
25Q: -0.0012581574577860688
50Q: 1.6470300056248277e-05
75Q: 0.00125659045237686